CHAVE DE ACESSO,MODELO,SÉRIE,NÚMERO,NATUREZA DA OPERAÇÃO,DATA EMISSÃO,EVENTO MAIS RECENTE,DATA/HORA EVENTO MAIS RECENTE,CPF/CNPJ Emitente,RAZÃO SOCIAL EMITENTE,INSCRIÇÃO ESTADUAL EMITENTE,UF EMITENTE,MUNICÍPIO EMITENTE,CNPJ DESTINATÁRIO,NOME DESTINATÁRIO,UF DESTINATÁRIO,INDICADOR IE DESTINATÁRIO,DESTINO DA OPERAÇÃO,CONSUMIDOR FINAL,PRESENÇA DO COMPRADOR,VALOR NOTA FISCAL
35240107689002001070550040009651251068643412,55 - NF-E EMITIDA EM SUBSTITUIÇÃO AO MODELO 1 OU 1A,4,202509-0001,Outra saida merc. prest. serv. nao especificado,2025-09-10,Autorização de Uso,2025-07-12 19:32:33,90704637038099,EMBRAER S.A.,688619823116,SP,TAUBATE,25723943926915,BASE AÉREA DE ANÁPOLIS - BAAN,GO,NÃO CONTRIBUINTE,2 - OPERAÇÃO INTERESTADUAL,1 - CONSUMIDOR FINAL,"9 - OPERAÇÃO NÃO PRESENCIAL, OUTROS",18089.02
53240121793208000185550010000041621085505452,55 - NF-E EMITIDA EM SUBSTITUIÇÃO AO MODELO 1 OU 1A,1,202509-0002,VENDA DE MERCADORIA,2025-09-23,Autorização de Uso,2025-07-15 23:28:41,23038465730775,DF MAQUINAS E FERRAMENTAS LTDA,771188900164,DF,BRASILIA,94341619343168,MINISTERIO DA SAUDE,MT,NÃO CONTRIBUINTE,2 - OPERAÇÃO INTERESTADUAL,1 - CONSUMIDOR FINAL,1 - OPERAÇÃO PRESENCIAL,3706.52
24240121172344000158550010000225941518005124,55 - NF-E EMITIDA EM SUBSTITUIÇÃO AO MODELO 1 OU 1A,1,202509-0003,5102 Venda Interna Normal,2025-09-07,Autorização de Uso,2025-07-10 15:11:08,27479167385655,J NUNES DISTRIBUIDORA DE ALIMENTOS EIRELI,204169810,RN,NATAL,20378615185609,COMANDO DA MARINHA,RN,NÃO CONTRIBUINTE,1 - OPERAÇÃO INTERNA,1 - CONSUMIDOR FINAL,0 - NÃO SE APLICA,381.84
31240114707364000110550010000604621344853230,55 - NF-E EMITIDA EM SUBSTITUIÇÃO AO MODELO 1 OU 1A,1,202509-0004,VENDA IND CONTA/ORD,2025-09-14,Autorização de Uso,2025-07-08 13:19:41,70749225980451,XCMG BRASIL INDUSTRIA LTDA,18814650080,MG,POUSO ALEGRE,96838725450331,DEPT.NACIONAL DE OBRAS C SECAS,CE,NÃO CONTRIBUINTE,2 - OPERAÇÃO INTERESTADUAL,1 - CONSUMIDOR FINAL,"9 - OPERAÇÃO NÃO PRESENCIAL, OUTROS",298887.54
42240111142525000188550010000029281367881645,55 - NF-E EMITIDA EM SUBSTITUIÇÃO AO MODELO 1 OU 1A,1,202509-0005,Venda de mercadoria,2025-09-13,Autorização de Uso,2025-07-27 21:34:53,38476314217832,CLEBER NASCIMENTO DA ROSA EPP,260696803,SC,PASSO DE TORRES,66888338903945,COMANDO DA AERONAUTICA,DF,NÃO CONTRIBUINTE,2 - OPERAÇÃO INTERESTADUAL,0 - NORMAL,"2 - OPERAÇÃO NÃO PRESENCIAL, PELA INTERNET",1872.45
52240119442190000125550010000002051000008053,55 - NF-E EMITIDA EM SUBSTITUIÇÃO AO MODELO 1 OU 1A,1,202509-0006,VENDA DE MERCADORIAS REC. DE TERCEIROS,2025-09-01,Autorização de Uso,2025-07-22 17:45:09,48141444214618,AURAMEDI FARMACEUTICA LTDA,106610333,GO,APARECIDA DE GOIANIA,68407136797896,MINISTERIO DA SAUDE,RS,NÃO CONTRIBUINTE,2 - OPERAÇÃO INTERESTADUAL,1 - CONSUMIDOR FINAL,1 - OPERAÇÃO PRESENCIAL,28043.57
13240132969749000138550010000025911980503676,55 - NF-E EMITIDA EM SUBSTITUIÇÃO AO MODELO 1 OU 1A,1,202509-0007,Venda de mercadoria,2025-09-14,Autorização de Uso,2025-07-13 07:28:11,44933720935586,R G XAVIER GUIMARAES LTDA,54080185,AM,MANAUS,28444275845350,CENTRO DE EMBARCACOES DO COMANDO MILITAR DA AMAZONIA,AM,NÃO CONTRIBUINTE,1 - OPERAÇÃO INTERNA,1 - CONSUMIDOR FINAL,"9 - OPERAÇÃO NÃO PRESENCIAL, OUTROS",3762.99
35240158309709000153550040001357171266796999,55 - NF-E EMITIDA EM SUBSTITUIÇÃO AO MODELO 1 OU 1A,4,202509-0008,Venda de mercadoria adquirida ou recebida de terceiros,2025-09-25,Autorização de Uso,2025-07-30 10:18:35,53394192675634,CHEMYUNION LTDA,669166739119,SP,SOROCABA,44106493122279,INSTITUTO DE TECNOLOGIA EM FÁRMACOS,RJ,CONTRIBUINTE ICMS,2 - OPERAÇÃO INTERESTADUAL,0 - NORMAL,0 - NÃO SE APLICA,1312059.47
52240151607431000151550010000001151860625614,55 - NF-E EMITIDA EM SUBSTITUIÇÃO AO MODELO 1 OU 1A,1,202509-0009,Venda Fora do Estado,2025-09-27,Autorização de Uso,2025-07-27 04:20:31,41664566046116,F & K BRASIL LTDA,200619381,GO,GOIANIA,27138673162087,INSTITUTO FEDERAL DE EDUCAÇÃO - CAMPUS SJE,MG,CONTRIBUINTE ICMS,2 - OPERAÇÃO INTERESTADUAL,1 - CONSUMIDOR FINAL,"2 - OPERAÇÃO NÃO PRESENCIAL, PELA INTERNET",5010.30
50240129843878000170550010000025251000181553,55 - NF-E EMITIDA EM SUBSTITUIÇÃO AO MODELO 1 OU 1A,1,202509-0010,VENDA DE MERCADORIA FORA DO ESTADO,2025-09-27,Autorização de Uso,2025-07-27 14:16:14,62408513283571,V CALDI PEREIRA PECAS E SERVICOS DIESEL,284290777,MS,COXIM,89831912151616,4 BATALHAO LOGISTICO,RS,NÃO CONTRIBUINTE,2 - OPERAÇÃO INTERESTADUAL,1 - CONSUMIDOR FINAL,1 - OPERAÇÃO PRESENCIAL,522.84
50240129412918000120550010000132521651818922,55 - NF-E EMITIDA EM SUBSTITUIÇÃO AO MODELO 1 OU 1A,1,202509-0011,VENDA DE MERC. ADQUIRIDA OU RECEBIDA DE TERCEIROS,2025-09-06,Autorização de Uso,2025-07-09 20:09:00,89779911982873,MALTACARE DISTRIBUIDORA LTDA,284271527,MS,CAMPO GRANDE,84273247472744,HOSPITAL MILITAR DE AREA DE CAMPO GRANDE,MS,NÃO CONTRIBUINTE,1 - OPERAÇÃO INTERNA,1 - CONSUMIDOR FINAL,"3 - OPERAÇÃO NÃO PRESENCIAL, TELEATENDIMENTO",126129.32
51240129111673000109550020000141631362205850,55 - NF-E EMITIDA EM SUBSTITUIÇÃO AO MODELO 1 OU 1A,2,202509-0012,"5656 Venda de combustivel ou lubrificante, adquiridos ou re",2025-09-13,Autorização de Uso,2025-07-14 03:02:39,70566026909306,DUME COMBUSTIVEIS BARRA DO GARCAS LTDA,137367414,MT,BARRA DO GARCAS,19902524314461,COMANDO DA AERON&AACUTE;UTICA,DF,CONTRIBUINTE ISENTO,1 - OPERAÇÃO INTERNA,1 - CONSUMIDOR FINAL,1 - OPERAÇÃO PRESENCIAL,914.73
35240134028316923228550010003691091625593939,55 - NF-E EMITIDA EM SUBSTITUIÇÃO AO MODELO 1 OU 1A,1,202509-0013,RETORNO DE MATERIAL DEPOSITADO EM ARMAZEM GERAL,2025-09-21,Autorização de Uso,2025-07-25 07:07:59,18244955034691,EMPRES BRASILEIRA DE CORREIOS E TELEGRAFOS,112388853119,SP,CAJAMAR,60197836559180,FUNDO NACIONAL DE DESENVOLVIMENTO DA EDUCACAO,DF,NÃO CONTRIBUINTE,2 - OPERAÇÃO INTERESTADUAL,1 - CONSUMIDOR FINAL,0 - NÃO SE APLICA,259.26
35240134028316923228550010003662951402138670,55 - NF-E EMITIDA EM SUBSTITUIÇÃO AO MODELO 1 OU 1A,1,202509-0014,RETORNO DE MATERIAL DEPOSITADO EM ARMAZEM GERAL,2025-09-27,Autorização de Uso,2025-07-12 07:48:53,21523626185079,EMPRES BRASILEIRA DE CORREIOS E TELEGRAFOS,112388853119,SP,CAJAMAR,81919701231092,FUNDO NACIONAL DE DESENVOLVIMENTO DA EDUCACAO,DF,NÃO CONTRIBUINTE,2 - OPERAÇÃO INTERESTADUAL,1 - CONSUMIDOR FINAL,0 - NÃO SE APLICA,140.72
51240107418552000163550070000298281013317735,55 - NF-E EMITIDA EM SUBSTITUIÇÃO AO MODELO 1 OU 1A,7,202509-0015,VENDA,2025-09-09,Autorização de Uso,2025-07-20 10:50:52,90848366698698,TIGRAO AUTO POSTO EIRELI,133116166,MT,CAMPINAPOLIS,61203276064474,MINISTERIO DA SAUDE,MT,NÃO CONTRIBUINTE,1 - OPERAÇÃO INTERNA,1 - CONSUMIDOR FINAL,1 - OPERAÇÃO PRESENCIAL,341.33
33240107556125000141550010000010271001370079,55 - NF-E EMITIDA EM SUBSTITUIÇÃO AO MODELO 1 OU 1A,1,202509-0016,5102,2025-09-05,Autorização de Uso,2025-07-02 20:29:05,97745277469098,F C SILVA COMERCIO DE INFORMATICA,77969845,RJ,VOLTA REDONDA,85283688533798,COMANDO DA MARINHA,RJ,NÃO CONTRIBUINTE,1 - OPERAÇÃO INTERNA,1 - CONSUMIDOR FINAL,0 - NÃO SE APLICA,553.36
41240106267630001509550010035101291224888487,55 - NF-E EMITIDA EM SUBSTITUIÇÃO AO MODELO 1 OU 1A,1,202509-0017,Outras Entradas - Dev Remessa Escola,2025-09-09,Autorização de Uso,2025-07-12 05:15:15,76935059477163,COMPANHIA BRASILEIRA DE EDUC. E SIST. DE ENS. S.A - PR OP,9085104702,PR,CURITIBA,27149816940243,COMANDO DA AERONAUTICA,PA,CONTRIBUINTE ISENTO,2 - OPERAÇÃO INTERESTADUAL,1 - CONSUMIDOR FINAL,"9 - OPERAÇÃO NÃO PRESENCIAL, OUTROS",542.76
35240103508097000217550010000052651072024018,55 - NF-E EMITIDA EM SUBSTITUIÇÃO AO MODELO 1 OU 1A,1,202509-0018,OUTRAS REMESSAS DE BEM DO ATIVO,2025-09-11,Autorização de Uso,2025-07-19 04:56:39,49219788842537,REDE NACIONAL DE ENSINO E PESQUISA - RNP,795438273115,SP,CAMPINAS,78693368592482,"INSTITUTO FEDERAL DE EDUCACAO, CIENCIA",MG,NÃO CONTRIBUINTE,2 - OPERAÇÃO INTERESTADUAL,1 - CONSUMIDOR FINAL,0 - NÃO SE APLICA,5117.12
33240131343734000105550010000052751051465399,55 - NF-E EMITIDA EM SUBSTITUIÇÃO AO MODELO 1 OU 1A,1,202509-0019,VENDA DE PRODUCAO DO ESTABELECIMENTO,2025-09-10,Autorização de Uso,2025-07-02 19:53:11,41933814866088,CORPO ASTRAL COMERCIAL E INDUSTRIAL LTDA,83274956,RJ,RIO DE JANEIRO,22220601272546,MINISTERIO DA SAUDE - HOSPITAL FEDERAL DO ANDARAI,RJ,NÃO CONTRIBUINTE,1 - OPERAÇÃO INTERNA,1 - CONSUMIDOR FINAL,"2 - OPERAÇÃO NÃO PRESENCIAL, PELA INTERNET",1935.37
50240112977901000117550010000051831659469117,55 - NF-E EMITIDA EM SUBSTITUIÇÃO AO MODELO 1 OU 1A,1,202509-0020,Venda de mercadorias,2025-09-20,Autorização de Uso,2025-07-13 15:40:27,36466061201842,MOSKO LTDA EPP,284058734,MS,CAMPO GRANDE,43943635781588,FUNDACAO UNIVERSIDADE FEDERAL DE MS,MS,NÃO CONTRIBUINTE,1 - OPERAÇÃO INTERNA,1 - CONSUMIDOR FINAL,0 - NÃO SE APLICA,352.14
52240147341740000155550010000010801662721631,55 - NF-E EMITIDA EM SUBSTITUIÇÃO AO MODELO 1 OU 1A,1,202509-0021,6108-VENDA PARA CONSUMIDOR FINAL (FORA DO ESTADO),2025-09-16,Autorização de Uso,2025-07-02 00:32:30,69750973031780,3MARIAS DISTRIBUICAO E SERVICOS LTDA,109530985,GO,GOIANIA,99549866757229,PENITENCIARIA FEDERAL EM PORTO VELHO RO,RO,NÃO CONTRIBUINTE,2 - OPERAÇÃO INTERESTADUAL,1 - CONSUMIDOR FINAL,0 - NÃO SE APLICA,1030.23
51240119967950000118550010001417291227856484,55 - NF-E EMITIDA EM SUBSTITUIÇÃO AO MODELO 1 OU 1A,1,202509-0022,"5656 Venda de combustivel ou lubrificante, adquiridos ou re",2025-09-02,Autorização de Uso,2025-07-13 20:23:07,24073722266327,L. LUCIA KUHN E CIA LTDA EPP,135428165,MT,QUERENCIA,55030052131275,MINISTERIO DA SAUDE,MT,NÃO CONTRIBUINTE,1 - OPERAÇÃO INTERNA,1 - CONSUMIDOR FINAL,1 - OPERAÇÃO PRESENCIAL,286.98
25240108761132000148558929001803761379847297,55 - NF-E EMITIDA EM SUBSTITUIÇÃO AO MODELO 1 OU 1A,892,202509-0023,VENDA,2025-09-14,Autorização de Uso,2025-07-18 16:38:29,45237507555022,JOSEFA DE SOUZA ABREU,-1,PB,SAO JOAO DO RIO DO PEIXE,58682624679426,"MINISTERIO DO DESENVOLVIMENTO SOCIAL, FAMILIA E COMBATE A FO",DF,NÃO CONTRIBUINTE,2 - OPERAÇÃO INTERESTADUAL,1 - CONSUMIDOR FINAL,0 - NÃO SE APLICA,353.49
43240115641333000177550010000138951880800008,55 - NF-E EMITIDA EM SUBSTITUIÇÃO AO MODELO 1 OU 1A,1,202509-0024,Venda,2025-09-21,Autorização de Uso,2025-07-24 14:43:29,68116318972029,SERCIMAQ VENDA E ASSISTENCIA TECNICA DE MAQUINAS E MOTORES L,1090369961,RS,SANTA MARIA,38275593337706,BASE ADMINISTRATIVA DA GUARNICAO DE SANTA MARIA,RS,NÃO CONTRIBUINTE,1 - OPERAÇÃO INTERNA,1 - CONSUMIDOR FINAL,1 - OPERAÇÃO PRESENCIAL,19.44
52240134274233010248550000000095681192430548,55 - NF-E EMITIDA EM SUBSTITUIÇÃO AO MODELO 1 OU 1A,0,202509-0025,Vda Cmb/Lub.cons/usu.final estab.outra UF,2025-09-25,Autorização de Uso,2025-07-07 19:31:02,28183143702092,VIBRA ENERGIA S.A,100235549,GO,ANAPOLIS,52374082471151,COMANDO DA AERONAUTICA,DF,NÃO CONTRIBUINTE,1 - OPERAÇÃO INTERNA,1 - CONSUMIDOR FINAL,1 - OPERAÇÃO PRESENCIAL,12029.13
41240147776164000179550010000002911000051442,55 - NF-E EMITIDA EM SUBSTITUIÇÃO AO MODELO 1 OU 1A,1,202509-0026,VENDA INTEREST. DESTINADA A NAO CONTRIBUINTE,2025-09-21,Autorização de Uso,2025-07-16 03:43:48,12079785060818,WOLVES GROUP AND COLI INK BUSINESS LTDA,9096314830,PR,MARINGA,35340547689585,12 REGIMENTO DE CAVALARIA MECANIZADO,RS,CONTRIBUINTE ISENTO,2 - OPERAÇÃO INTERESTADUAL,1 - CONSUMIDOR FINAL,0 - NÃO SE APLICA,778.86
35240131722206000159550010000025731541527270,55 - NF-E EMITIDA EM SUBSTITUIÇÃO AO MODELO 1 OU 1A,1,202509-0027,Venda,2025-09-23,Autorização de Uso,2025-07-22 11:24:31,93593366496512,IVANETE APARECIDA MIRANDA,581124916116,SP,RIBEIRAO PIRES,51515129181197,"INSTITUTO FEDERAL DE EDUCACAO, CIENCIA E TECNOLOGIA- IFMS",MS,NÃO CONTRIBUINTE,2 - OPERAÇÃO INTERESTADUAL,1 - CONSUMIDOR FINAL,"9 - OPERAÇÃO NÃO PRESENCIAL, OUTROS",180.94
35240151566738000151550010000000831685520093,55 - NF-E EMITIDA EM SUBSTITUIÇÃO AO MODELO 1 OU 1A,1,202509-0028,Venda de mercadoria a nao contribuinte,2025-09-20,Autorização de Uso,2025-07-14 20:23:15,20328531486892,GS MIRANDA LTDA,135622310116,SP,CAMPINAS,32767976557094,UNIVERSIDADE FEDERAL DE ITAJUBA,MG,NÃO CONTRIBUINTE,2 - OPERAÇÃO INTERESTADUAL,1 - CONSUMIDOR FINAL,"9 - OPERAÇÃO NÃO PRESENCIAL, OUTROS",1195.06
26240100323090000151550010000778311445412925,55 - NF-E EMITIDA EM SUBSTITUIÇÃO AO MODELO 1 OU 1A,1,202509-0029,REMES MAT PREST SERV,2025-09-02,Autorização de Uso,2025-07-26 18:59:36,92415045492770,SOLL -SERVICOS OBRAS E LOCACOES LTDA,23874090,PE,OLINDA,72446781607670,MINISTERIO DA SAUDE DISTRITO SANITARIO ESPECIAL INDIGENA PE,PE,NÃO CONTRIBUINTE,1 - OPERAÇÃO INTERNA,1 - CONSUMIDOR FINAL,"9 - OPERAÇÃO NÃO PRESENCIAL, OUTROS",529.94
35240161186490000157551000000169671147626930,55 - NF-E EMITIDA EM SUBSTITUIÇÃO AO MODELO 1 OU 1A,100,202509-0030,REMESSA - ENTREGA FUTURA,2025-09-15,Autorização de Uso,2025-07-03 16:34:28,98201644324159,EDITORA FTD S.A.,104639530113,SP,SAO PAULO,75349106550156,FUNDO NACIONAL DE DESENVOLVIMENTO DA EDUCACAO,DF,NÃO CONTRIBUINTE,2 - OPERAÇÃO INTERESTADUAL,1 - CONSUMIDOR FINAL,"9 - OPERAÇÃO NÃO PRESENCIAL, OUTROS",266423.42
35240134028316923228550010003680821895807710,55 - NF-E EMITIDA EM SUBSTITUIÇÃO AO MODELO 1 OU 1A,1,202509-0031,RETORNO DE MATERIAL DEPOSITADO EM ARMAZEM GERAL,2025-09-17,Autorização de Uso,2025-07-23 11:43:32,62116868577544,EMPRES BRASILEIRA DE CORREIOS E TELEGRAFOS,112388853119,SP,CAJAMAR,62701914022026,FUNDO NACIONAL DE DESENVOLVIMENTO DA EDUCACAO,DF,NÃO CONTRIBUINTE,2 - OPERAÇÃO INTERESTADUAL,1 - CONSUMIDOR FINAL,0 - NÃO SE APLICA,270.72
35240103549807000176550010001603701247148068,55 - NF-E EMITIDA EM SUBSTITUIÇÃO AO MODELO 1 OU 1A,1,202509-0032,Retorno de mercadoria ou bem recebido para conserto ou repar,2025-09-13,Autorização de Uso,2025-07-31 19:54:13,46928867408434,PADTEC S/A,244661040111,SP,CAMPINAS,54853044853318,COMANDO DO COMANDO MILITAR DA AMAZONIA,AM,CONTRIBUINTE ISENTO,2 - OPERAÇÃO INTERESTADUAL,1 - CONSUMIDOR FINAL,"9 - OPERAÇÃO NÃO PRESENCIAL, OUTROS",31685.82
53240109255999000194550010000000781887290010,55 - NF-E EMITIDA EM SUBSTITUIÇÃO AO MODELO 1 OU 1A,1,202509-0033,Venda,2025-09-23,Autorização de Uso,2025-07-10 16:30:17,89750954110330,"HPL CONSTRUCAO, SEGURANCA E SERVICOS EIRELI",798750700136,DF,BRASILIA,20830613701013,1441 - AGENCIA NAC DO PETROLEO GAS NAT E,RJ,NÃO CONTRIBUINTE,1 - OPERAÇÃO INTERNA,0 - NORMAL,1 - OPERAÇÃO PRESENCIAL,18712.10
53240123651234000102550010000108491171690576,55 - NF-E EMITIDA EM SUBSTITUIÇÃO AO MODELO 1 OU 1A,1,202509-0034,Remessa de mercadoria em consignacao mercantil ou industrial,2025-09-09,Autorização de Uso,2025-07-24 15:59:53,19280555389650,ARTE IMPLANTES MATERIAIS CIRURGICOS LTDA,153595339115,SP,SAO PAULO,49245569905151,HOSPITAL MILITAR DE AREA DE PORTO ALEGRE,RS,NÃO CONTRIBUINTE,2 - OPERAÇÃO INTERESTADUAL,1 - CONSUMIDOR FINAL,"9 - OPERAÇÃO NÃO PRESENCIAL, OUTROS",26114.03
33240111074537000112550010000170261252024011,55 - NF-E EMITIDA EM SUBSTITUIÇÃO AO MODELO 1 OU 1A,1,202509-0035,Venda de mercadoria adquirida ou recebida de terceiros,2025-09-16,Autorização de Uso,2025-07-02 15:55:54,59381438752677,NUTRI ALIMENTOS DE NILOPOLIS COMERCIO ATACADISTA LTDA,78909242,RJ,NILOPOLIS,50626961627406,COMANDO DA MARINHA,RJ,CONTRIBUINTE ISENTO,1 - OPERAÇÃO INTERNA,1 - CONSUMIDOR FINAL,"2 - OPERAÇÃO NÃO PRESENCIAL, PELA INTERNET",541.97
23240122808990000121550010000050761000066380,55 - NF-E EMITIDA EM SUBSTITUIÇÃO AO MODELO 1 OU 1A,1,202509-0036,Venda de mercadoria adquirida ou recebida de terceiros em op,2025-09-26,Autorização de Uso,2025-07-16 12:57:29,97482569738678,B2G MEDICAL COMERCIO DE PRODUTOS MEDICOS E CIRURGICOS LTDA,64598136,CE,FORTALEZA,17111815278322,"INSTITUTO FEDERAL DE EDUCACAO, CIENCIA E TECNOLOGIA DA BAHIA",BA,NÃO CONTRIBUINTE,2 - OPERAÇÃO INTERESTADUAL,1 - CONSUMIDOR FINAL,0 - NÃO SE APLICA,390.46
43240142152392000154550000000007261000018147,55 - NF-E EMITIDA EM SUBSTITUIÇÃO AO MODELO 1 OU 1A,0,202509-0037,"Venda de mercadoria adq de terceiros, em venda a ordem",2025-09-10,Autorização de Uso,2025-07-03 02:51:57,87722978313092,C K COMERCIO DE FERRAGENS LTDA,390190012,RS,ERECHIM,91610808898431,UTFPR CAMPUS PATO BRANCO,PR,NÃO CONTRIBUINTE,2 - OPERAÇÃO INTERESTADUAL,1 - CONSUMIDOR FINAL,1 - OPERAÇÃO PRESENCIAL,7420.15
51240126588921000100550020000575441192309162,55 - NF-E EMITIDA EM SUBSTITUIÇÃO AO MODELO 1 OU 1A,2,202509-0038,VENDA,2025-09-26,Autorização de Uso,2025-07-25 16:14:39,11863517040718,FARIAS SANTOS E FARIA ZAMPA LTDA,131274287,MT,BARRA DO GARCAS,76514179033938,MINISTERIO DA SAUDE,MT,NÃO CONTRIBUINTE,1 - OPERAÇÃO INTERNA,1 - CONSUMIDOR FINAL,1 - OPERAÇÃO PRESENCIAL,154.23
31240136933736000160550010000009641036036868,55 - NF-E EMITIDA EM SUBSTITUIÇÃO AO MODELO 1 OU 1A,1,202509-0039,Venda de mercadoria adquirida ou recebida de terceiros,2025-09-13,Autorização de Uso,2025-07-25 23:36:20,70915271027399,N&C COMERCIO E DISTRIBUICAO DE DESCARTAVEIS LTDA,39446830095,MG,SAO JOSE DA LAPA,36461814857772,IFMG/SALINAS MG - INSTITUTO FEDERAL DO NORTE DE MG,MG,CONTRIBUINTE ICMS,1 - OPERAÇÃO INTERNA,1 - CONSUMIDOR FINAL,0 - NÃO SE APLICA,1030.84
35240101772798000667550010004019491025873265,55 - NF-E EMITIDA EM SUBSTITUIÇÃO AO MODELO 1 OU 1A,1,202509-0040,VENDA MERC. ADQ. REC. TERC. REM. ANT. CONS. MERC.,2025-09-06,Autorização de Uso,2025-07-19 19:27:51,13032223449067,MEDTRONIC COMERCIAL LTDA.,492949734117,SP,OSASCO,96730178005525,UNIVERSIDADE FEDERAL DA BAHIA,BA,NÃO CONTRIBUINTE,2 - OPERAÇÃO INTERESTADUAL,1 - CONSUMIDOR FINAL,"9 - OPERAÇÃO NÃO PRESENCIAL, OUTROS",6338.84
25240126044732000177550010000007761667380661,55 - NF-E EMITIDA EM SUBSTITUIÇÃO AO MODELO 1 OU 1A,1,202509-0041,VENDA DE MERCADORIA ADQUIRIDA OU RECEBIDA DE TERCEIROS,2025-09-05,Autorização de Uso,2025-07-20 22:03:43,80219497705091,MATHEUS MED COMERCIO DE ARTIGOS MEDICOS LTDA,162790775,PB,JOAO PESSOA,30574532973065,HOSPITAL DAS FORCAS ARMADAS,DF,NÃO CONTRIBUINTE,2 - OPERAÇÃO INTERESTADUAL,1 - CONSUMIDOR FINAL,1 - OPERAÇÃO PRESENCIAL,7745.30
35240147334422000167550010000000921112105297,55 - NF-E EMITIDA EM SUBSTITUIÇÃO AO MODELO 1 OU 1A,1,202509-0042,Venda Fora do Estado,2025-09-01,Autorização de Uso,2025-07-06 12:17:49,17897033789388,DANIEL ROSA LOPES 25949024893,136559550112,SP,SAO PAULO,41910228296958,UNIVERSIDADE FEDERAL DA PARAIBA UFPB,PB,NÃO CONTRIBUINTE,2 - OPERAÇÃO INTERESTADUAL,1 - CONSUMIDOR FINAL,"2 - OPERAÇÃO NÃO PRESENCIAL, PELA INTERNET",431.95
41240178796778000146550010000033861063270258,55 - NF-E EMITIDA EM SUBSTITUIÇÃO AO MODELO 1 OU 1A,1,202509-0043,VENDA,2025-09-21,Autorização de Uso,2025-07-23 02:33:45,91558553892128,G DE BORBA - MARISKAP,1016202980,PR,CURITIBA,80709970206885,COMANDO DA AERONAUTICA,DF,NÃO CONTRIBUINTE,2 - OPERAÇÃO INTERESTADUAL,1 - CONSUMIDOR FINAL,0 - NÃO SE APLICA,3145.26
43240110591513000178550010001589901593435130,55 - NF-E EMITIDA EM SUBSTITUIÇÃO AO MODELO 1 OU 1A,1,202509-0044,SIMPLES REMESSA,2025-09-19,Autorização de Uso,2025-07-29 10:06:59,52957354599004,OSTHEON COM.IMPORT.E EXPORT.DE PROD.HOSP.LTDA,963289721,RS,PORTO ALEGRE,85279265147501,HOSPITAL MILITAR DE AREA DE PORTO ALEGRE,RS,NÃO CONTRIBUINTE,1 - OPERAÇÃO INTERNA,1 - CONSUMIDOR FINAL,1 - OPERAÇÃO PRESENCIAL,9155.20
33240134164319000506550020007285111404046887,55 - NF-E EMITIDA EM SUBSTITUIÇÃO AO MODELO 1 OU 1A,2,202509-0045,OUTRAS SAIDAS,2025-09-19,Autorização de Uso,2025-07-21 15:15:00,59123244995311,CASA DA MOEDA DO BRASIL,82346988,RJ,RIO DE JANEIRO,99015919403952,MINISTERIO DA JUSTICA E SEGURANCA PUBLICA,RJ,NÃO CONTRIBUINTE,1 - OPERAÇÃO INTERNA,1 - CONSUMIDOR FINAL,0 - NÃO SE APLICA,13239.38
35240134028316923228550010003691801935917886,55 - NF-E EMITIDA EM SUBSTITUIÇÃO AO MODELO 1 OU 1A,1,202509-0046,RETORNO DE MATERIAL DEPOSITADO EM ARMAZEM GERAL,2025-09-11,Autorização de Uso,2025-07-30 14:12:46,51210047053664,EMPRES BRASILEIRA DE CORREIOS E TELEGRAFOS,112388853119,SP,CAJAMAR,56832419024542,FUNDO NACIONAL DE DESENVOLVIMENTO DA EDUCACAO,DF,NÃO CONTRIBUINTE,2 - OPERAÇÃO INTERESTADUAL,1 - CONSUMIDOR FINAL,0 - NÃO SE APLICA,273.42
26240144232997000180550010000001061604736206,55 - NF-E EMITIDA EM SUBSTITUIÇÃO AO MODELO 1 OU 1A,1,202509-0047,5102/5405/5933/ VENDA MERC. DENT. ESTADO,2025-09-18,Autorização de Uso,2025-07-17 12:46:27,10864166321170,JF CENTRO AUTOMOTIVO LTDA,100416993,PE,PETROLINA,84191813925450,INSTITUTO FEDERAL DO SERTAO PERNAMBUCANO / CAMPUS FLORESTA,PE,CONTRIBUINTE ISENTO,1 - OPERAÇÃO INTERNA,1 - CONSUMIDOR FINAL,1 - OPERAÇÃO PRESENCIAL,199.00
41240130102251000148550010000004791505616440,55 - NF-E EMITIDA EM SUBSTITUIÇÃO AO MODELO 1 OU 1A,1,202509-0048,VENDA DE MERCADORIA ADQUIRIDA OU RECEBIDA DE TERCEIROS,2025-09-26,Autorização de Uso,2025-07-27 22:51:56,89711075203631,WIDETECH AUTOMACAO LTDA,9078997998,PR,ARAUCARIA,69242726601623,INSTITUTO FEDERAL DE EDUCACAO CIENCIA E TECNOLOGIA DO TRIANG,MG,NÃO CONTRIBUINTE,2 - OPERAÇÃO INTERESTADUAL,1 - CONSUMIDOR FINAL,1 - OPERAÇÃO PRESENCIAL,649.72
41240129614830000190550010000078741140340810,55 - NF-E EMITIDA EM SUBSTITUIÇÃO AO MODELO 1 OU 1A,1,202509-0049,REMESSA EM BONIFICACAO DOACAO OU BRINDE,2025-09-16,Autorização de Uso,2025-07-19 09:38:12,77084547252737,MEDITON FARMACEUTICA LTDA ME,9077196770,PR,PATO BRANCO,40130398838117,COMANDO DA MARINHA,RJ,NÃO CONTRIBUINTE,2 - OPERAÇÃO INTERESTADUAL,1 - CONSUMIDOR FINAL,0 - NÃO SE APLICA,32.72
31240123886799000160550010000006741816080000,55 - NF-E EMITIDA EM SUBSTITUIÇÃO AO MODELO 1 OU 1A,1,202509-0050,Remessa para industrializacao,2025-09-11,Autorização de Uso,2025-07-21 07:08:22,45959637759464,PENTAGGONO INDUSTRIAL EXPORTADORA LTDA,625685280091,MG,BELO HORIZONTE,80151201005553,CENTRO DE DESENVOLVIMENTO DA TECNOLOGIA NUCLEAR,MG,CONTRIBUINTE ICMS,1 - OPERAÇÃO INTERNA,0 - NORMAL,0 - NÃO SE APLICA,17534.78
35240103772785001423551000002652261958305580,55 - NF-E EMITIDA EM SUBSTITUIÇÃO AO MODELO 1 OU 1A,100,202509-0051,RECEBIMENTO DE PECAS EM GARANTIA,2025-09-17,Autorização de Uso,2025-07-01 04:25:36,27524903200154,DAHRUJ MOTORS LTDA,244707964117,SP,CAMPINAS,15909190481112,MINISTÉRIO DA JUSTIÇA,SP,NÃO CONTRIBUINTE,1 - OPERAÇÃO INTERNA,1 - CONSUMIDOR FINAL,1 - OPERAÇÃO PRESENCIAL,43.66
33240113798478000150550010000038591008060001,55 - NF-E EMITIDA EM SUBSTITUIÇÃO AO MODELO 1 OU 1A,1,202509-0052,VENDA,2025-09-18,Autorização de Uso,2025-07-11 04:23:13,93559212408290,VENTURA COMERCIO E SERVICOS DE AUTO LTDA,79457388,RJ,NOVA IGUACU,57274673831467,BATALHAO NAVAL,RJ,NÃO CONTRIBUINTE,1 - OPERAÇÃO INTERNA,1 - CONSUMIDOR FINAL,0 - NÃO SE APLICA,1085.16
43240110245418000112550010000045771437361850,55 - NF-E EMITIDA EM SUBSTITUIÇÃO AO MODELO 1 OU 1A,1,202509-0053,VENDA DE MERCADORIAS INTER ESTADUAL - 6.102,2025-09-07,Autorização de Uso,2025-07-25 13:34:30,22289274986058,TMPRO COMERCIO DE ELETRO ELETRONICOS LTDA - MATRIZ,963814206,RS,PORTO ALEGRE,94330626281108,UNIVERSIDADE FEDERAL DE CAMPINA GRANDE,PB,NÃO CONTRIBUINTE,2 - OPERAÇÃO INTERESTADUAL,1 - CONSUMIDOR FINAL,"2 - OPERAÇÃO NÃO PRESENCIAL, PELA INTERNET",79022.27
25240108761132000148558929001845831104091314,55 - NF-E EMITIDA EM SUBSTITUIÇÃO AO MODELO 1 OU 1A,892,202509-0054,VENDA,2025-09-04,Autorização de Uso,2025-07-07 06:26:05,59574813619777,ALEXSANDRO BARBOSA LAURENTINO,-1,PB,MARI,95596394477336,"MINISTERIO DO DESENVOLVIMENTO SOCIAL, FAMILIA E COMBATE A FO",DF,NÃO CONTRIBUINTE,2 - OPERAÇÃO INTERESTADUAL,1 - CONSUMIDOR FINAL,0 - NÃO SE APLICA,2050.95
21240100321961000106550010000027711281724627,55 - NF-E EMITIDA EM SUBSTITUIÇÃO AO MODELO 1 OU 1A,1,202509-0055,Venda,2025-09-02,Autorização de Uso,2025-07-22 17:41:34,10379909221794,M SOUSA LIMA,121397777,MA,IMPERATRIZ,97943629299733,INSTITUTO FEDERAL DE EDUCACAO CIENCIA E TECNOLOGIA DO MARANH,MA,NÃO CONTRIBUINTE,1 - OPERAÇÃO INTERNA,1 - CONSUMIDOR FINAL,"9 - OPERAÇÃO NÃO PRESENCIAL, OUTROS",321.19
41240133609404000136550010000001611332303229,55 - NF-E EMITIDA EM SUBSTITUIÇÃO AO MODELO 1 OU 1A,1,202509-0056,Venda,2025-09-22,Autorização de Uso,2025-07-11 11:51:56,83347193237974,MM DISTRIBUIDORA DE PRODUTOS E EQUIPAMENTOS LTDA,9087219507,PR,CURITIBA,45729788453397,UNIVERSIDADE FEDERAL DO PARANÁ,PR,NÃO CONTRIBUINTE,1 - OPERAÇÃO INTERNA,1 - CONSUMIDOR FINAL,"9 - OPERAÇÃO NÃO PRESENCIAL, OUTROS",7745.30
42240142933602000141550010000003421234157448,55 - NF-E EMITIDA EM SUBSTITUIÇÃO AO MODELO 1 OU 1A,1,202509-0057,Venda Fora do Estado,2025-09-01,Autorização de Uso,2025-07-22 17:09:28,45152666483619,ZENITE COMERCIO E SUPRIMENTOS DE INFORMATICA LTDA,261222082,SC,SANTO AMARO DA IMPERATRIZ,51309568459396,"INSTITUTO FEDERAL DE EDUCACAO, CIENCIA E TECNOLOGIA- IFMS",MS,NÃO CONTRIBUINTE,2 - OPERAÇÃO INTERESTADUAL,1 - CONSUMIDOR FINAL,"2 - OPERAÇÃO NÃO PRESENCIAL, PELA INTERNET",715.37
35240134028316923228550010003658491151444798,55 - NF-E EMITIDA EM SUBSTITUIÇÃO AO MODELO 1 OU 1A,1,202509-0058,RETORNO DE MATERIAL DEPOSITADO EM ARMAZEM GERAL,2025-09-17,Autorização de Uso,2025-07-18 10:13:16,65488981797844,EMPRES BRASILEIRA DE CORREIOS E TELEGRAFOS,112388853119,SP,CAJAMAR,41654886967925,FUNDO NACIONAL DE DESENVOLVIMENTO DA EDUCACAO,DF,NÃO CONTRIBUINTE,2 - OPERAÇÃO INTERESTADUAL,1 - CONSUMIDOR FINAL,0 - NÃO SE APLICA,136.93
23240106628333000146550000003193591965191880,55 - NF-E EMITIDA EM SUBSTITUIÇÃO AO MODELO 1 OU 1A,0,202509-0059,"VENDA DE PRODUCAO DO ESTABELECIMENTO, DESTINADA A NAO CONTRI",2025-09-05,Autorização de Uso,2025-07-31 11:16:57,74137265150189,FARMACE - INDUSTRIA QUIMICO FARMACEUTICA CEARENSE LTDA,68480075,CE,BARBALHA,22312101255336,HOSPITAL SERVIDORES DO ESTADO RJ,RJ,NÃO CONTRIBUINTE,2 - OPERAÇÃO INTERESTADUAL,1 - CONSUMIDOR FINAL,"9 - OPERAÇÃO NÃO PRESENCIAL, OUTROS",58387.46
23240114124286000121550010000214351719667666,55 - NF-E EMITIDA EM SUBSTITUIÇÃO AO MODELO 1 OU 1A,1,202509-0060,VENDA DE MERCADORIA ADQUIRIDA OU RECEBIDA DE TERCEIROS EM OP,2025-09-14,Autorização de Uso,2025-07-22 19:04:47,34667290273737,MAVI CONSTRUCOES - LTDA,65721551,CE,FORTALEZA,20853425250144,ESCOLA DE APRENDIZES MARINHEIROS DO CEARA,CE,NÃO CONTRIBUINTE,1 - OPERAÇÃO INTERNA,1 - CONSUMIDOR FINAL,1 - OPERAÇÃO PRESENCIAL,276.21
33240131673254000102550000009419131947020033,55 - NF-E EMITIDA EM SUBSTITUIÇÃO AO MODELO 1 OU 1A,0,202509-0061,Outras Entradas,2025-09-02,Autorização de Uso,2025-07-20 21:36:28,58532902792269,LABORATORIOS B.BRAUN S.A,80103077,RJ,SAO GONCALO,45967298310883,UNIVERSIDADE FEDERAL DO RIO GRANDE - FURG,RS,NÃO CONTRIBUINTE,2 - OPERAÇÃO INTERESTADUAL,1 - CONSUMIDOR FINAL,"9 - OPERAÇÃO NÃO PRESENCIAL, OUTROS",704578.63
33240133702028000804550020001595111917230552,55 - NF-E EMITIDA EM SUBSTITUIÇÃO AO MODELO 1 OU 1A,2,202509-0062,RETORNO DE MERCADORIA P/ CONSERTO,2025-09-01,Autorização de Uso,2025-07-14 06:20:39,88639480604249,SIMCAUTO MECANICA E REPRESENTACOES LTDA,77511032,RJ,RIO DE JANEIRO,49498366695755,SECRETARIA DE GESTAO E ENSINO EM SEGURANCA PUBLICA,DF,NÃO CONTRIBUINTE,2 - OPERAÇÃO INTERESTADUAL,1 - CONSUMIDOR FINAL,"9 - OPERAÇÃO NÃO PRESENCIAL, OUTROS",54610.05
33240105057706000103550010000194861582785174,55 - NF-E EMITIDA EM SUBSTITUIÇÃO AO MODELO 1 OU 1A,1,202509-0063,VENDA DE MERCADORIA,2025-09-12,Autorização de Uso,2025-07-30 09:48:03,51476568268592,RIOMAR 2001 DISTRIBUIDORA DE ALIMENTOS E DESCARTAVEIS LTDA,77387250,RJ,RIO DE JANEIRO,57181934757311,COMANDO DA MARINHA,DF,NÃO CONTRIBUINTE,1 - OPERAÇÃO INTERNA,1 - CONSUMIDOR FINAL,0 - NÃO SE APLICA,4948.63
11240110473085000189550040000383291767672359,55 - NF-E EMITIDA EM SUBSTITUIÇÃO AO MODELO 1 OU 1A,4,202509-0064,Venda combust. lub Adq. Terceiros,2025-09-17,Autorização de Uso,2025-07-03 01:50:24,33853011555370,POSTO DE COMBUSTIVEL BECHI LTDA,1747321,RO,CACOAL,98792344683774,FUNDACAO INSTIT BRAS DE GEOGRAFIA E ESTATISTICA IBGE,RO,CONTRIBUINTE ISENTO,1 - OPERAÇÃO INTERNA,1 - CONSUMIDOR FINAL,1 - OPERAÇÃO PRESENCIAL,396.61
23240134274233013344550000000816521563567487,55 - NF-E EMITIDA EM SUBSTITUIÇÃO AO MODELO 1 OU 1A,0,202509-0065,Vda Cmb/Lub.cons/usu.final estab.outra UF,2025-09-09,Autorização de Uso,2025-07-29 22:44:21,39895011865192,VIBRA ENERGIA S.A,68030703,CE,FORTALEZA,28656485894321,COMANDO DA AERONAUTICA,DF,NÃO CONTRIBUINTE,1 - OPERAÇÃO INTERNA,1 - CONSUMIDOR FINAL,1 - OPERAÇÃO PRESENCIAL,2258.40
31240119400787000107550020001382881596542602,55 - NF-E EMITIDA EM SUBSTITUIÇÃO AO MODELO 1 OU 1A,2,202509-0066,BONIFICACAO / DOACAO/BRINDE,2025-09-01,Autorização de Uso,2025-07-24 09:26:37,77435867813420,QUIBASA QUIMICA BASICA LTDA,622059920069,MG,BELO HORIZONTE,55759590498291,UNIVERSIDADE FEDERAL DE VICOSA,MG,NÃO CONTRIBUINTE,1 - OPERAÇÃO INTERNA,1 - CONSUMIDOR FINAL,0 - NÃO SE APLICA,198.28
35240101139242000123550010001250251004442333,55 - NF-E EMITIDA EM SUBSTITUIÇÃO AO MODELO 1 OU 1A,1,202509-0067,VENDAS DE PRODUCAO DO ESTAB,2025-09-20,Autorização de Uso,2025-07-27 10:40:16,94002615901788,JOSE BAUER DE ATAYDE & CIA LTDA,760001231110,SP,SANTO ANTONIO DO ARACANGUA,83063006836497,SUPERINTENDENCIA REGIONAL SUDESTE I,SP,NÃO CONTRIBUINTE,1 - OPERAÇÃO INTERNA,1 - CONSUMIDOR FINAL,0 - NÃO SE APLICA,1338.50
15240105054903000179558900026000941813445058,55 - NF-E EMITIDA EM SUBSTITUIÇÃO AO MODELO 1 OU 1A,890,202509-0068,S,2025-09-17,Autorização de Uso,2025-07-22 21:41:19,55941617304615,ANTONIO DE PAIVA COSTA,-1,PA,OBIDOS,67769489172790,"MINISTERIO DO DESENVOLVIMENTO SOCIAL, FAMILIA E COMBATE A FO",DF,NÃO CONTRIBUINTE,2 - OPERAÇÃO INTERESTADUAL,1 - CONSUMIDOR FINAL,0 - NÃO SE APLICA,2473.71
33240142498675000152558900084252611221488139,55 - NF-E EMITIDA EM SUBSTITUIÇÃO AO MODELO 1 OU 1A,890,202509-0069,Venda de mercadoria adquirida ou recebida de terceiros,2025-09-18,Autorização de Uso,2025-07-27 20:18:57,30137241150399,50.500.312 LEANDRO PIMENTEL CORREA DE SA,13007411,RJ,RIO DE JANEIRO,95649677891183,INSTITUTO DE TECNOLOGIA EM FÁRMACOS,RJ,CONTRIBUINTE ICMS,1 - OPERAÇÃO INTERNA,1 - CONSUMIDOR FINAL,1 - OPERAÇÃO PRESENCIAL,652.73
35240162136304003820550010000683001779765870,55 - NF-E EMITIDA EM SUBSTITUIÇÃO AO MODELO 1 OU 1A,1,202509-0070,REMESSA CONTA E ORDEM DE TERCEIROS,2025-09-01,Autorização de Uso,2025-07-16 19:45:42,52650294242628,EDITORA MODERNA LTDA.,796239274118,SP,GUARULHOS,21958750493636,FUNDO NACIONAL DE DESENVOLVIMENTO DA EDUCACAO,DF,NÃO CONTRIBUINTE,2 - OPERAÇÃO INTERESTADUAL,1 - CONSUMIDOR FINAL,0 - NÃO SE APLICA,1208.16
33240103605534000130550000001298321747470850,55 - NF-E EMITIDA EM SUBSTITUIÇÃO AO MODELO 1 OU 1A,0,202509-0071,Outra entrada de mercadoria ou prestacao de servico nao espe,2025-09-18,Autorização de Uso,2025-07-12 17:43:55,96549038482333,AVFARMA ASSIST. SERV. FARMACEUTICOS LTDA,77899618,RJ,RIO DE JANEIRO,72351238752607,HOSPITAL UNIVERSITARIO GAFFREE E GUINLE,RJ,CONTRIBUINTE ISENTO,1 - OPERAÇÃO INTERNA,0 - NORMAL,0 - NÃO SE APLICA,13821.75
31240133180160000119550010000047911648600560,55 - NF-E EMITIDA EM SUBSTITUIÇÃO AO MODELO 1 OU 1A,1,202509-0072,Venda a prazo,2025-09-25,Autorização de Uso,2025-07-30 11:50:13,19714205313215,JP COMERCIO DE PRODUTOS ALIMENTICIOS E SERVICOS EIRELI,34110590060,MG,JUIZ DE FORA,89395687846090,COMANDO DA 4 BRIGADA DE INFANTARIA LEVE MONTANHA,MG,CONTRIBUINTE ISENTO,1 - OPERAÇÃO INTERNA,0 - NORMAL,0 - NÃO SE APLICA,1168.49
43240104004419000172550000000468521472674279,55 - NF-E EMITIDA EM SUBSTITUIÇÃO AO MODELO 1 OU 1A,0,202509-0073,VENDA DE MERCADORIAS,2025-09-12,Autorização de Uso,2025-07-27 04:27:46,70195316594735,RE SOL COMERCIO DE FRUTAS E LEGUMES LTDA,963198726,RS,PORTO ALEGRE,12920887579690,COLEGIO MILITAR DE PORTO ALEGRE,RS,NÃO CONTRIBUINTE,1 - OPERAÇÃO INTERNA,1 - CONSUMIDOR FINAL,0 - NÃO SE APLICA,185.59
13240181243735001977550110003126831434389385,55 - NF-E EMITIDA EM SUBSTITUIÇÃO AO MODELO 1 OU 1A,11,202509-0074,Venda produção estab.destinada a não contribuinte / Venda,2025-09-15,Autorização de Uso,2025-07-19 18:08:45,75895777545050,POSITIVO TECNOLOGIA S/A,62005901,AM,MANAUS,70954191601539,UNIVERSIDADE FEDERAL DO RECONCAVO DA BAHIA,BA,CONTRIBUINTE ISENTO,2 - OPERAÇÃO INTERESTADUAL,1 - CONSUMIDOR FINAL,0 - NÃO SE APLICA,3841.13
41240105360051000148550010000010821576569133,55 - NF-E EMITIDA EM SUBSTITUIÇÃO AO MODELO 1 OU 1A,1,202509-0075,Remessa,2025-09-22,Autorização de Uso,2025-07-03 08:40:55,68491838820687,TERRA SUL EDITORA LTDA,9045325501,PR,CURITIBA,22358329034186,FUNDO NACIONAL DE DESENVOLVIMENTO DA EDUCACAO,DF,NÃO CONTRIBUINTE,2 - OPERAÇÃO INTERESTADUAL,1 - CONSUMIDOR FINAL,"9 - OPERAÇÃO NÃO PRESENCIAL, OUTROS",1071.11
53240150506565000113550010000000191368001919,55 - NF-E EMITIDA EM SUBSTITUIÇÃO AO MODELO 1 OU 1A,1,202509-0076,VENDA,2025-09-26,Autorização de Uso,2025-07-16 04:41:40,25094768290022,OGATTI IMPORTS LTDA,821588200151,DF,BRASILIA,58970768433245,2 REGIMENTO DE CAVALARIA DE GUARDAS,RJ,NÃO CONTRIBUINTE,2 - OPERAÇÃO INTERESTADUAL,1 - CONSUMIDOR FINAL,"2 - OPERAÇÃO NÃO PRESENCIAL, PELA INTERNET",11709.31
29240105788360000113550010000367511001003700,55 - NF-E EMITIDA EM SUBSTITUIÇÃO AO MODELO 1 OU 1A,1,202509-0077,VENDAS DE MERC ADQUI EOU REC DE TERCEIR,2025-09-10,Autorização de Uso,2025-07-01 22:32:07,76491260792860,BAHIA CESTAS LTDA,103456380,BA,SALVADOR,74433395420047,BASE AÉREA DE SALVADOR,BA,NÃO CONTRIBUINTE,1 - OPERAÇÃO INTERNA,1 - CONSUMIDOR FINAL,1 - OPERAÇÃO PRESENCIAL,480.38
35240101559403000138550030001344161759370688,55 - NF-E EMITIDA EM SUBSTITUIÇÃO AO MODELO 1 OU 1A,3,202509-0078,REMESSA EM COMODATO,2025-09-19,Autorização de Uso,2025-07-22 02:26:29,44851472258776,BIO 2 IMP. E COM DE MAT. MED. HOSP. LTDA,148787084119,SP,SAO PAULO,53189952970143,COMANDO DA AERONAUTICA,SP,NÃO CONTRIBUINTE,1 - OPERAÇÃO INTERNA,1 - CONSUMIDOR FINAL,"9 - OPERAÇÃO NÃO PRESENCIAL, OUTROS",9668.60
24240121172344000158550010000226611518005129,55 - NF-E EMITIDA EM SUBSTITUIÇÃO AO MODELO 1 OU 1A,1,202509-0079,5102 Venda Interna Normal,2025-09-05,Autorização de Uso,2025-07-08 14:24:04,28954211613291,J NUNES DISTRIBUIDORA DE ALIMENTOS EIRELI,204169810,RN,NATAL,64222421719676,UNIVERSIDADE FEDERAL DO RIO GRANDE NORTE,RN,NÃO CONTRIBUINTE,1 - OPERAÇÃO INTERNA,1 - CONSUMIDOR FINAL,0 - NÃO SE APLICA,73.09
35240132366879000186550010000011051200015291,55 - NF-E EMITIDA EM SUBSTITUIÇÃO AO MODELO 1 OU 1A,1,202509-0080,Vendas,2025-09-01,Autorização de Uso,2025-07-22 18:53:51,28137440348670,EDGAR HERRERA PEREIRA,633837572112,SP,SANTOS,81304528232732,SEGUNDO GRUPO DE ARTILHARIA ANTIAEREA,SP,NÃO CONTRIBUINTE,1 - OPERAÇÃO INTERNA,1 - CONSUMIDOR FINAL,0 - NÃO SE APLICA,1545.09
43240112889035000102550010003280411514625164,55 - NF-E EMITIDA EM SUBSTITUIÇÃO AO MODELO 1 OU 1A,1,202509-0081,"VENDA DE MERCADORIA ADQ OU RECEB DE TERC, DEST A NAO CONTRIB",2025-09-15,Autorização de Uso,2025-07-21 04:14:07,32320308176253,INOVAMED HOSPITALAR LTDA,390157570,RS,ERECHIM,15966353315773,MINISTERIO DA SAUDE DISTRITO SANITARIO ESPECIAL INDIGENA PE,PE,NÃO CONTRIBUINTE,2 - OPERAÇÃO INTERESTADUAL,1 - CONSUMIDOR FINAL,"9 - OPERAÇÃO NÃO PRESENCIAL, OUTROS",2897.62
50240111319557000378550010001138751342870272,55 - NF-E EMITIDA EM SUBSTITUIÇÃO AO MODELO 1 OU 1A,1,202509-0082,VENDA DE MERC ADQUIRIDA DE TERCEIROS,2025-09-19,Autorização de Uso,2025-07-25 10:09:35,61913204138852,DENTECK LTDA - FILIAL03 MS,284069817,MS,MUNDO NOVO,88024495364401,IFMG/SALINAS MG - INSTITUTO FEDERAL DO NORTE DE MG,MG,CONTRIBUINTE ICMS,2 - OPERAÇÃO INTERESTADUAL,1 - CONSUMIDOR FINAL,"9 - OPERAÇÃO NÃO PRESENCIAL, OUTROS",27009.69
35240114477127000100550010000119341682014103,55 - NF-E EMITIDA EM SUBSTITUIÇÃO AO MODELO 1 OU 1A,1,202509-0083,6.108 VENDA MERC. ADQ. TERCEIROS,2025-09-05,Autorização de Uso,2025-07-19 12:21:56,68964670994325,LAIBO MEDICAL PRODUTOS MEDICOS E HOSPITALARES LTDA,633408342110,SP,SANTOS,65704972219942,MINISTERIO DA SAUDE -HOSP. FED BONS,RJ,NÃO CONTRIBUINTE,2 - OPERAÇÃO INTERESTADUAL,1 - CONSUMIDOR FINAL,"9 - OPERAÇÃO NÃO PRESENCIAL, OUTROS",1546.34
11240105082751000118550030000028071961141439,55 - NF-E EMITIDA EM SUBSTITUIÇÃO AO MODELO 1 OU 1A,3,202509-0084,VENDA MERCADORIA ADQUIRIDA/RECEBIDA DE TERCEIROS,2025-09-09,Autorização de Uso,2025-07-30 05:54:34,52368036866447,"DELICIA DO NORTE COMERCIO, SERVICOS E REPRESENTACAO DE PRODU",3734901,RO,PORTO VELHO,74493735695330,COMANDO DA AERONAUTICA.,RO,NÃO CONTRIBUINTE,1 - OPERAÇÃO INTERNA,0 - NORMAL,1 - OPERAÇÃO PRESENCIAL,257.02
21240103526252000147558902430084471957013301,55 - NF-E EMITIDA EM SUBSTITUIÇÃO AO MODELO 1 OU 1A,890,202509-0085,DA DE PRODUCAO DO ESTABELECIMENTO,2025-09-21,Autorização de Uso,2025-07-12 23:36:52,82907813366553,JUAREZ SILVA CABRAL,-1,MA,SAO LUIS,28832514161908,"MINISTERIO DO DESENVOLVIMENTO E ASSISTENCIA SOCIAL, FAMILIA",AM,NÃO CONTRIBUINTE,2 - OPERAÇÃO INTERESTADUAL,1 - CONSUMIDOR FINAL,0 - NÃO SE APLICA,879.40
35240134028316923228550010003682871190911646,55 - NF-E EMITIDA EM SUBSTITUIÇÃO AO MODELO 1 OU 1A,1,202509-0086,RETORNO DE MATERIAL DEPOSITADO EM ARMAZEM GERAL,2025-09-17,Autorização de Uso,2025-07-09 19:40:17,36333365419283,EMPRES BRASILEIRA DE CORREIOS E TELEGRAFOS,112388853119,SP,CAJAMAR,66455144751034,FUNDO NACIONAL DE DESENVOLVIMENTO DA EDUCACAO,DF,NÃO CONTRIBUINTE,2 - OPERAÇÃO INTERESTADUAL,1 - CONSUMIDOR FINAL,0 - NÃO SE APLICA,287.04
33240101968236000189550020000000931000002482,55 - NF-E EMITIDA EM SUBSTITUIÇÃO AO MODELO 1 OU 1A,2,202509-0087,Venda mercantil para o Estado,2025-09-19,Autorização de Uso,2025-07-03 20:01:25,63157859825625,MENMAR COMERCIO DE ALIMENTOS LTDA,86146185,RJ,SAO GONCALO,20222314357586,CENTRO DE INST. ALMIRANTE ALEXANDRINO,RJ,NÃO CONTRIBUINTE,1 - OPERAÇÃO INTERNA,0 - NORMAL,1 - OPERAÇÃO PRESENCIAL,581.26
43240121783698000139550000000050201758542890,55 - NF-E EMITIDA EM SUBSTITUIÇÃO AO MODELO 1 OU 1A,0,202509-0088,Venda de Mercadoria Mesma UF,2025-09-09,Autorização de Uso,2025-07-03 04:30:55,17222282118714,VISAO DISTRIBUIDORA DE MEDICAMENTOS LTDA,963630202,RS,PORTO ALEGRE,14996474399075,GRUPO DE ARTILHARIA DE CAMPANHA,RS,NÃO CONTRIBUINTE,1 - OPERAÇÃO INTERNA,1 - CONSUMIDOR FINAL,"9 - OPERAÇÃO NÃO PRESENCIAL, OUTROS",122.99
13240122761584019250550010000219531214111438,55 - NF-E EMITIDA EM SUBSTITUIÇÃO AO MODELO 1 OU 1A,1,202509-0089,198 - Venda de Mercadoria,2025-09-07,Autorização de Uso,2025-07-02 10:24:56,24566582281024,FORTBRAS AUTOPECAS S.A.,54537240,AM,MANAUS,92821174955780,SECRETARIA DE GESTAO E ENSINO EM SEGURANCA PUBLICA,DF,NÃO CONTRIBUINTE,1 - OPERAÇÃO INTERNA,1 - CONSUMIDOR FINAL,1 - OPERAÇÃO PRESENCIAL,1761.34
33240124875483000136550010000615131690293359,55 - NF-E EMITIDA EM SUBSTITUIÇÃO AO MODELO 1 OU 1A,1,202509-0090,VENDA DENTRO DO ESTADO,2025-09-22,Autorização de Uso,2025-07-01 15:35:20,17690227432657,ESSENCIAL RIO DISTRIB. DE PROD. MEDICOS E HOSPITALARES LTDA,87152596,RJ,NOVA IGUACU,45728189059338,HOSPITAL CENTRAL DO EXERCITO,RJ,NÃO CONTRIBUINTE,1 - OPERAÇÃO INTERNA,1 - CONSUMIDOR FINAL,0 - NÃO SE APLICA,9506.52
35240134028316923228550010003649081807897660,55 - NF-E EMITIDA EM SUBSTITUIÇÃO AO MODELO 1 OU 1A,1,202509-0091,RETORNO DE MATERIAL DEPOSITADO EM ARMAZEM GERAL,2025-09-07,Autorização de Uso,2025-07-23 19:33:27,29450260538693,EMPRES BRASILEIRA DE CORREIOS E TELEGRAFOS,112388853119,SP,CAJAMAR,92282588442006,FUNDO NACIONAL DE DESENVOLVIMENTO DA EDUCACAO,DF,NÃO CONTRIBUINTE,2 - OPERAÇÃO INTERESTADUAL,1 - CONSUMIDOR FINAL,0 - NÃO SE APLICA,126.34
31240105731550000102550010000804471321562308,55 - NF-E EMITIDA EM SUBSTITUIÇÃO AO MODELO 1 OU 1A,1,202509-0092,Remessa Mercad.Como S. Remessa Ref.a Faturamento de Venda,2025-09-19,Autorização de Uso,2025-07-28 08:33:17,18506174610211,WEBMED SOLUCOES EM SAUDE LTDA,3672418940021,MG,JUIZ DE FORA,98485514465475,HOSPITAL DAS FORCAS ARMADAS,DF,NÃO CONTRIBUINTE,2 - OPERAÇÃO INTERESTADUAL,1 - CONSUMIDOR FINAL,"9 - OPERAÇÃO NÃO PRESENCIAL, OUTROS",16661.86
42240107200582000107550010000036381500353278,55 - NF-E EMITIDA EM SUBSTITUIÇÃO AO MODELO 1 OU 1A,1,202509-0093,"Venda de mercadoria adquirida ou recebida de terceiros, ou q",2025-09-25,Autorização de Uso,2025-07-08 06:57:21,61996400735381,L G COMERCIAL DE MAQUINAS AGRICOLAS LTDA,254915477,SC,CHAPECO,76344910727155,INSTITUTO CHICO MENDES DE CONSERVACAO DA BIODIVERSIDADE,DF,NÃO CONTRIBUINTE,2 - OPERAÇÃO INTERESTADUAL,0 - NORMAL,0 - NÃO SE APLICA,6900.23
25240108761132000148558929001807301681639327,55 - NF-E EMITIDA EM SUBSTITUIÇÃO AO MODELO 1 OU 1A,892,202509-0094,VENDA,2025-09-05,Autorização de Uso,2025-07-27 14:23:48,55110725035161,CELINA COSTA DE SOUZA,-1,PB,SAO BENTO,25659771438908,"MINISTERIO DO DESENVOLVIMENTO SOCIAL, FAMILIA E COMBATE A FO",DF,NÃO CONTRIBUINTE,2 - OPERAÇÃO INTERESTADUAL,1 - CONSUMIDOR FINAL,0 - NÃO SE APLICA,1881.63
21240103526252000147558902430102691512381960,55 - NF-E EMITIDA EM SUBSTITUIÇÃO AO MODELO 1 OU 1A,890,202509-0095,DA DE PRODUCAO DO ESTABELECIMENTO,2025-09-15,Autorização de Uso,2025-07-11 21:03:53,68862310722963,MARINILDE BELFORT MATOS,-1,MA,SAO LUIS,40592790224707,"MINISTERIO DO DESENVOLVIMENTO E ASSISTENCIA SOCIAL, FAMILIA",AM,NÃO CONTRIBUINTE,2 - OPERAÇÃO INTERESTADUAL,1 - CONSUMIDOR FINAL,0 - NÃO SE APLICA,3736.51
35240113158576000123550010000007151038000006,55 - NF-E EMITIDA EM SUBSTITUIÇÃO AO MODELO 1 OU 1A,1,202509-0096,Venda de mercadoria,2025-09-05,Autorização de Uso,2025-07-19 05:42:49,64122461307264,F C NICOLAU EQUIPAMENTOS PARA LABORATÓRIO LTDA.,206868421110,SP,BARUERI,27519527312840,"MINISTERIO DA AGRICULTURA, PECUARIA E ABASTECIMENTO",MG,NÃO CONTRIBUINTE,2 - OPERAÇÃO INTERESTADUAL,1 - CONSUMIDOR FINAL,0 - NÃO SE APLICA,39479.01
35240161186490000157551000000170551435015613,55 - NF-E EMITIDA EM SUBSTITUIÇÃO AO MODELO 1 OU 1A,100,202509-0097,REMESSA - ENTREGA FUTURA,2025-09-10,Autorização de Uso,2025-07-03 06:37:18,19276837777734,EDITORA FTD S.A.,104639530113,SP,SAO PAULO,44691931173461,FUNDO NACIONAL DE DESENVOLVIMENTO DA EDUCACAO,DF,NÃO CONTRIBUINTE,2 - OPERAÇÃO INTERESTADUAL,1 - CONSUMIDOR FINAL,"9 - OPERAÇÃO NÃO PRESENCIAL, OUTROS",6600.74
33240111637221000191550010000271611968108323,55 - NF-E EMITIDA EM SUBSTITUIÇÃO AO MODELO 1 OU 1A,1,202509-0098,BONIFICACAO,2025-09-03,Autorização de Uso,2025-07-10 17:02:09,81569541679496,PROMOVENDO COM. E REPRES. DE MATERIAL HOSP. LTDA,78995734,RJ,RIO DE JANEIRO,52536794608253,HOSPITAL CENTRAL DA AERONAUTICA,RJ,NÃO CONTRIBUINTE,1 - OPERAÇÃO INTERNA,1 - CONSUMIDOR FINAL,1 - OPERAÇÃO PRESENCIAL,80.02
43240103746938001387550040001482911451453628,55 - NF-E EMITIDA EM SUBSTITUIÇÃO AO MODELO 1 OU 1A,4,202509-0099,OUTRAS SAIDAS,2025-09-22,Autorização de Uso,2025-07-25 05:59:53,31241942115095,BRS SUPRIMENTOS CORPORATIVOS S/A,1240336230,RS,SAO LEOPOLDO,21265749423477,INSTITUTO FED. DE EDU. CIENCIA E TEC. DA BAHIA,BA,CONTRIBUINTE ISENTO,2 - OPERAÇÃO INTERESTADUAL,1 - CONSUMIDOR FINAL,"9 - OPERAÇÃO NÃO PRESENCIAL, OUTROS",2232.89
35240149287841000110550010000011321004038030,55 - NF-E EMITIDA EM SUBSTITUIÇÃO AO MODELO 1 OU 1A,1,202509-0100,Venda,2025-09-04,Autorização de Uso,2025-07-11 05:50:53,47033831469948,HS-CPQ TECNOLOGIA LTDA,122949078110,SP,CAMPINAS,71495430665555,UNIVERSIDADE FEDERAL DE CAMPINA GRANDE,PB,NÃO CONTRIBUINTE,2 - OPERAÇÃO INTERESTADUAL,1 - CONSUMIDOR FINAL,0 - NÃO SE APLICA,1912.46
